case	gen_time	proj_time	dist_time	distortion
1	0.736890	6.894571	56.039429	2.614297
2	0.715262	6.818824	56.093991	3.027663
3	0.715193	6.812398	56.037962	2.691748
4	0.715566	6.814108	56.336285	2.885555
5	0.724089	6.935056	56.042532	2.776894
6	0.715164	6.818080	56.022708	2.990767
7	0.717004	6.817328	56.037339	2.734795
8	0.716253	6.820908	56.051740	2.926555
9	0.715926	6.814118	56.043618	2.825478
10	0.714952	6.828257	56.310372	2.671928
11	0.715724	6.815367	56.062722	2.975904
12	0.715521	6.819721	56.043373	2.534312
13	0.716014	6.813479	56.039273	2.495235
14	0.715562	6.825502	56.029651	2.455180
15	0.715393	6.814686	56.046827	3.871866
16	0.715802	6.823536	55.991789	2.559557
17	0.716494	6.817305	56.038348	2.467747
18	0.716074	6.825421	56.032210	2.722069
19	0.715607	6.814983	56.041773	2.804245
20	0.721438	6.857517	56.015396	2.496775
21	0.715679	6.811868	56.026093	2.475833
22	0.715597	6.822472	56.048112	2.503289
23	0.714804	6.821113	56.028727	2.503601
24	0.715602	6.841171	56.014220	2.653447
25	0.715068	6.812479	56.033836	2.466182
26	0.716143	6.819340	56.022916	2.563167
27	0.714891	6.810778	56.030544	2.617136
28	0.716001	6.817858	56.040270	2.795435
29	0.715695	6.813822	56.056916	2.785156
30	0.715933	6.819578	56.022071	2.405496
30
0.716845
6.826388
56.056035
2.709910	2.405496	3.871866