case	gen_proj_time	dist_time	distortion
1	6.709314	56.354164	2.514601
2	6.652474	56.415162	2.882370
3	6.653097	56.287451	2.785078
4	6.651578	56.262089	2.681434
5	6.657689	56.277039	2.537542
6	6.653933	56.261005	2.612799
7	6.653587	56.251269	2.571837
8	6.646980	56.279659	2.745427
9	6.673572	56.277640	3.076782
10	6.654417	56.282323	2.912408
11	6.651944	56.546875	3.065596
12	6.648905	56.283391	2.448978
13	6.655483	56.259942	2.763649
14	6.652095	56.266137	2.485386
15	6.648379	56.290389	2.420430
16	6.816398	56.275643	2.619250
17	6.656225	56.297393	2.753545
18	6.653901	56.278819	2.402814
19	6.651369	56.275906	2.955738
20	6.655258	56.297115	2.496324
21	6.654164	56.255095	2.559637
22	6.656152	56.265708	2.470308
23	6.655242	56.294335	2.654714
24	6.648122	56.271936	2.729673
25	6.657159	56.246919	2.854387
26	6.653015	56.272016	3.062001
27	6.651222	56.284833	3.328079
28	6.647761	56.312671	2.600000
29	6.656577	56.488531	2.864846
30	6.646634	56.285624	2.605390
30
6.660755
56.299903
2.715367	2.402814	3.328079