case	gen_proj_time	dist_time	distortion
1	7.885126	58.508444	3.138403
2	8.061667	58.465595	2.281153
3	7.834958	57.430167	2.789314
4	7.824160	57.404920	2.734153
5	7.826766	57.421671	3.021390
6	7.832303	57.415415	2.546338
7	7.825788	57.421451	2.778418
8	7.819639	57.431578	2.964692
9	7.818736	57.549627	2.768002
10	7.829212	57.570632	2.923738
11	7.821987	57.570731	2.490418
12	7.821673	57.709897	2.743525
13	7.828853	57.570925	2.995892
14	7.820826	57.565524	2.433619
15	7.823236	57.569130	2.470499
16	7.826210	57.630739	2.917807
17	7.822906	57.482119	2.637411
18	7.824468	57.550021	2.676896
19	8.013860	57.949144	3.039968
20	7.822599	57.544858	2.772903
21	7.828051	57.585837	2.624809
22	7.824495	57.560357	2.887611
23	7.830359	57.569866	2.892092
24	7.831555	57.690942	2.437786
25	7.821263	57.734689	2.500270
26	7.826988	57.578453	2.874969
27	7.823524	57.574496	2.492291
28	7.830368	57.585755	3.960494
29	7.826083	57.540990	2.814040
30	7.823277	57.552333	3.040489
30
7.841698
57.624544
2.788313	2.281153	3.960494