case	gen_time	proj_time	dist_time	distortion
1	1.488283	7.407833	57.446001	2.391577
2	1.456662	7.354203	57.431052	2.330221
3	1.453381	7.350222	57.425676	2.472204
4	1.458192	7.356723	57.428828	2.661333
5	1.455419	7.358288	57.473602	2.671541
6	1.456804	7.374390	57.501526	2.669372
7	1.505451	7.421848	57.465348	2.784362
8	1.457689	7.357515	57.419374	2.688520
9	1.454593	7.353473	57.506685	2.825321
10	1.458019	7.380820	58.349108	2.595088
11	1.454462	7.363634	57.467381	2.841941
12	1.458187	7.363682	57.495104	2.767831
13	1.454688	7.365742	57.476223	2.652909
14	1.458970	7.363439	57.433581	2.799408
15	1.456389	7.358421	57.471744	2.949469
16	1.452898	7.355847	57.440885	2.603296
17	1.451447	7.357404	57.459989	2.728873
18	1.457542	7.363103	57.499363	2.655459
19	1.456264	7.357950	57.577280	2.703048
20	1.458629	7.361062	57.439330	2.665315
21	1.459852	7.351814	57.415999	2.665067
22	1.449206	7.364914	57.417027	2.775916
23	1.457587	7.360405	57.428400	2.850873
24	1.453955	7.359765	57.500809	2.888935
25	1.454838	7.357207	57.412647	2.822449
26	1.458847	7.367786	57.446387	2.698089
27	1.456173	7.354362	57.449100	2.676675
28	1.453802	7.358963	57.503650	3.024950
29	1.459519	7.352980	57.475060	2.536570
30	1.459347	7.359808	57.434623	2.993379
30
1.458903
7.363787
57.489726
2.713000	2.330221	3.024950