case	gen_time	proj_time	dist_time	distortion
1	0.192112	1.879876	16.526604	8.162981
2	0.179299	1.851538	16.362674	6.227019
3	0.179390	1.855130	16.353803	8.896628
4	0.180226	1.853303	16.353056	8.232283
5	0.179328	1.852772	16.371778	8.918284
6	0.179393	1.857660	16.378213	6.886780
7	0.180822	1.855906	16.353854	7.331843
8	0.179647	1.856198	16.357054	6.750795
9	0.179366	1.858981	16.345893	7.484707
10	0.178788	1.856981	16.393497	6.830709
11	0.179119	1.854882	16.361976	7.061097
12	0.179497	1.856873	16.354965	6.506138
13	0.179296	1.855947	16.346770	6.467866
14	0.179346	1.858321	16.361850	6.759302
15	0.178892	1.855047	16.360242	8.396831
16	0.179083	1.857368	16.350917	7.140655
17	0.179131	1.856161	16.398703	7.749475
18	0.179262	1.867013	16.455497	6.462871
19	0.182460	1.864344	16.538978	6.717886
20	0.182668	1.853990	16.409772	6.797479
21	0.179679	1.855897	16.409497	6.924699
22	0.182760	1.856279	16.463929	6.830695
23	0.180150	1.855878	16.355134	7.721742
24	0.178999	1.861082	16.363712	6.906754
25	0.179214	1.854149	16.349568	6.976153
26	0.179567	1.855867	16.351663	6.743878
27	0.179031	1.856362	16.347790	6.506595
28	0.179050	1.857638	16.352132	7.207767
29	0.178752	1.855558	16.363405	7.311553
30	0.178941	1.857401	16.345697	7.514885
30
0.180109
1.857480
16.381287
7.214212	6.227019	8.918284