case	gen_time	proj_time	dist_time	distortion
1	0.373325	2.000792	16.712655	8.282911
2	0.363465	1.980794	16.570980	7.170050
3	0.365631	1.984927	16.584687	6.930951
4	0.362397	1.982262	16.601062	8.431516
5	0.365165	1.983815	16.585480	6.941221
6	0.365115	1.987438	16.579327	9.787288
7	0.366229	1.984420	16.587166	8.126788
8	0.365789	1.986603	16.580979	7.044049
9	0.364616	1.984951	16.586589	7.023954
10	0.364386	1.985582	16.578832	10.489901
11	0.364938	1.981466	16.608107	9.401673
12	0.369647	1.984083	16.701614	7.488091
13	0.362313	1.985408	16.589436	6.743127
14	0.362265	1.995001	16.606453	6.407150
15	0.366625	1.986374	16.589243	8.113892
16	0.363190	1.982295	16.632895	8.209272
17	0.363420	1.984092	16.573976	6.532968
18	0.367644	1.990524	16.592233	8.138673
19	0.365248	1.983161	16.587780	8.203997
20	0.364120	1.985814	16.581949	7.909826
21	0.362143	1.986844	16.585011	7.632341
22	0.365214	1.985859	16.577522	6.451366
23	0.364191	1.986065	16.592544	7.514591
24	0.364510	1.985317	16.561729	7.151355
25	0.362819	1.985090	16.579346	10.688092
26	0.365764	1.984014	16.586160	7.819765
27	0.365641	1.984872	16.576921	7.122397
28	0.366482	1.986642	16.573769	6.814713
29	0.365383	1.984918	16.578609	6.761144
30	0.363990	1.985580	16.586871	7.407217
30
0.365055
1.985833
16.594331
7.758009	6.407150	10.688092