case	gen_proj_time	dist_time	distortion
1	1.983261	16.619225	7.615542
2	1.963182	16.581662	8.155894
3	1.963510	16.593701	7.344366
4	1.962758	16.577320	7.734088
5	1.964584	16.582718	7.512842
6	1.959883	16.580400	9.717825
7	1.963433	16.588161	7.403836
8	1.962420	16.570207	7.615367
9	1.961647	16.577416	6.237686
10	1.957655	16.591576	7.218612
11	1.958524	16.586635	7.581242
12	1.958403	16.588597	7.275091
13	1.961894	16.584978	6.433460
14	1.963274	16.598816	8.913021
15	1.960554	16.605705	9.580475
16	1.963004	16.588529	6.540820
17	1.959867	16.583419	7.477419
18	1.959079	16.589686	7.050394
19	1.961001	16.573055	6.392943
20	1.958819	16.720482	7.531332
21	1.960919	16.579536	8.463628
22	1.960963	16.587585	8.925302
23	1.962869	16.589842	6.999436
24	1.962094	16.571906	7.497289
25	1.961497	16.581718	5.891735
26	1.956475	16.585466	6.446352
27	1.959849	16.575677	7.839183
28	1.961824	16.570816	7.314208
29	1.959581	16.592028	7.341517
30	1.958979	16.582681	7.684090
30
1.961727
16.589985
7.524500	5.891735	9.717825