case	gen_proj_time	dist_time	distortion
1	1.689685	16.379584	7.833723
2	1.665012	16.363736	8.162576
3	1.666354	16.346080	7.369742
4	1.663759	16.355795	6.700633
5	1.663050	16.356038	7.469946
6	1.665118	16.347426	5.376103
7	1.669229	16.368911	8.037416
8	1.665461	16.364592	8.373848
9	1.664543	16.363707	6.804784
10	1.670337	16.501206	7.285204
11	1.665376	16.341075	7.089943
12	1.662550	16.376471	10.067403
13	1.667355	16.354658	6.428254
14	1.665439	16.363489	7.829149
15	1.664467	16.341195	5.855254
16	1.665329	16.354228	8.118583
17	1.667041	16.347034	8.566687
18	1.665367	16.362215	7.794199
19	1.671485	16.341171	7.146875
20	1.666966	16.350190	8.364333
21	1.662566	16.350637	7.216801
22	1.668382	16.360122	8.054054
23	1.672715	16.366725	7.267781
24	1.665294	16.355315	7.492727
25	1.667818	16.353489	7.071791
26	1.663545	16.343107	7.801031
27	1.675122	16.346663	7.227626
28	1.663990	16.348780	7.077025
29	1.662164	16.346936	6.636485
30	1.663329	16.343883	7.809539
30
1.666962
16.359815
7.477651	5.376103	10.067403