case	gen_time	proj_time	dist_time	distortion
1	5.905424	29.293379	221.241145	1.125923
2	5.807431	29.467330	221.253706	1.111535
3	5.808590	29.259551	221.267546	1.171518
4	5.813679	29.253937	221.217982	1.036481
5	5.830512	29.271992	221.496219	1.086437
6	5.819547	29.274960	221.226064	1.087172
7	5.805919	29.268075	221.237285	1.097431
8	5.818469	29.274122	221.222358	1.173777
9	5.857946	29.253451	221.174499	1.073448
10	5.817713	29.365482	221.217495	1.159851
11	5.804674	29.257653	221.241475	1.026268
12	5.818565	29.433587	221.530249	1.029746
13	5.822211	29.275983	221.229580	1.006219
14	5.821386	29.278628	221.266712	1.077994
15	5.818273	29.264260	221.416225	1.072383
16	5.822084	29.278036	223.312916	1.003482
17	5.826598	29.269612	221.266851	1.330101
18	5.807617	29.270815	221.192113	1.174979
19	5.818647	29.266579	221.480312	1.102968
20	5.822494	29.284561	221.326166	1.229344
21	5.824136	29.279572	221.220053	1.212521
22	5.823348	29.286813	221.812816	1.178816
23	5.813196	29.274351	221.335760	1.124077
24	5.838331	29.456495	221.801603	1.127154
25	5.816080	29.260551	221.367840	1.033825
26	5.842005	29.275029	221.469786	1.155101
27	5.806822	29.258389	221.257594	1.129402
28	5.816875	29.276853	221.377037	1.099067
29	5.814504	29.275418	221.412341	1.048502
30	5.802349	29.280109	221.334249	1.082204
30
5.822181
29.292852
221.406866
1.112258	1.003482	1.330101