case	gen_proj_time	dist_time	distortion
1	31.381113	221.291518	1.131539
2	31.306685	221.501180	1.082738
3	31.305222	221.312519	1.114108
4	31.310566	221.383264	1.193170
5	31.300394	221.328986	1.174730
6	31.411328	221.356549	1.149143
7	31.362142	221.310304	1.144128
8	31.295132	221.422053	1.132910
9	31.312863	221.901105	1.119154
10	31.308064	221.805494	1.122041
11	31.300660	221.815052	1.102552
12	31.297595	221.833568	1.179276
13	31.428758	221.762092	1.212354
14	31.370767	221.871848	1.127838
15	31.306839	221.762036	1.013957
16	31.312463	221.934539	1.095087
17	31.313002	221.668891	1.046622
18	31.306044	221.695447	1.060472
19	31.319524	221.638047	1.223140
20	31.305421	221.816822	1.325843
21	31.341232	222.320165	1.097988
22	31.319589	221.779512	1.086310
23	31.304607	221.906953	1.160053
24	31.310060	221.605272	1.226053
25	31.310519	221.643768	1.072581
26	31.298556	221.736714	1.098324
27	31.295981	221.746678	1.114102
28	31.342334	221.681873	1.229233
29	31.299658	221.676806	1.300858
30	31.314768	221.867522	1.017281
30
31.323063
221.679219
1.138453	1.013957	1.325843