case	gen_time	proj_time	dist_time	distortion
1	2.918987	27.231974	214.401370	0.995033
2	2.862958	27.168811	214.286026	1.146320
3	2.861573	27.352788	214.256356	1.071924
4	2.861099	27.149778	214.262868	1.182329
5	2.861612	27.146266	214.249002	1.230970
6	2.863057	27.157191	214.510975	1.202643
7	2.859851	27.148195	214.242205	1.120900
8	2.859323	27.157229	214.205382	1.134378
9	2.861161	27.152823	214.309368	1.223702
10	2.863078	27.159313	214.397151	1.136484
11	2.861673	27.149629	214.310066	1.051761
12	2.860153	27.157110	214.260633	1.279938
13	2.861900	27.141915	214.503087	1.149221
14	2.860308	27.161161	214.268833	1.196372
15	2.861425	27.152903	214.307170	1.042169
16	2.859449	27.162083	214.260031	1.154736
17	2.862680	27.152545	214.438543	1.100133
18	2.861134	27.174173	214.291192	1.077416
19	2.862638	27.141154	214.313175	1.378806
20	2.861670	27.161351	214.233853	1.117741
21	2.861787	27.145632	214.423923	1.182489
22	2.862894	27.161365	214.288407	1.173198
23	2.861206	27.148671	214.293663	1.006717
24	2.859636	27.165728	214.471404	1.059988
25	2.860689	27.152872	214.322391	1.212377
26	2.863719	27.210843	214.856040	1.257662
27	2.861460	27.144922	214.293999	1.130934
28	2.860691	27.254896	214.457443	1.162151
29	2.861331	27.145823	214.353485	1.026760
30	2.860235	27.173284	214.381435	1.128549
30
2.863313
27.169414
214.348316
1.144460	0.995033	1.378806