case	gen_proj_time	dist_time	distortion
1	26.765958	215.970564	1.076954
2	26.595060	215.701514	1.139946
3	26.591577	215.798823	1.089447
4	26.589758	215.636640	1.089924
5	26.608005	215.563712	1.185353
6	26.592460	215.666777	1.116162
7	26.736901	215.647251	1.016085
8	26.679703	215.561876	1.076825
9	26.596178	215.602636	1.058984
10	26.605710	215.852770	1.081801
11	26.594604	215.567700	1.116179
12	26.589833	215.617518	1.166327
13	26.598638	215.601196	1.076851
14	26.589986	215.803632	1.256564
15	26.611119	215.690868	1.056210
16	26.607494	215.646430	1.131224
17	26.617521	215.714892	1.081768
18	26.759143	215.672446	1.130734
19	26.647305	218.498086	1.208080
20	27.070780	219.515535	1.023738
21	26.893586	216.054482	1.095295
22	26.607985	215.774589	1.131085
23	26.603881	216.320445	1.043825
24	26.633848	215.815864	1.195365
25	26.596888	215.870446	1.058510
26	26.606404	215.636155	1.091806
27	26.600797	215.684563	1.125137
28	26.601251	215.729668	1.077992
29	26.602708	215.705297	1.160332
30	26.605247	215.663020	1.176723
30
26.646678
215.952846
1.111174	1.016085	1.256564