case	gen_proj_time	dist_time	distortion
1	6.745780	0.064211	2.842386
2	6.697952	0.062956	2.737553
3	6.698584	0.063700	2.832537
4	6.693038	0.063627	2.827237
5	6.693011	0.063554	2.624443
6	6.697456	0.063930	2.836294
7	6.694935	0.063478	2.260308
8	6.694121	0.063343	2.914321
9	6.695285	0.063349	2.898585
10	6.699482	0.063805	2.615616
11	6.698542	0.063524	3.319220
12	6.695247	0.063400	3.246849
13	6.694908	0.063262	2.855581
14	6.695977	0.063548	2.498821
15	6.694548	0.063603	2.829177
16	6.695767	0.064478	3.107292
17	6.697278	0.063731	2.569346
18	6.699944	0.063826	2.709213
19	6.694401	0.063739	2.601012
20	6.692192	0.063793	2.534357
21	6.696282	0.063707	2.818315
22	6.697843	0.063510	2.817982
23	6.735363	0.063433	3.302657
24	6.696033	0.063463	3.193740
25	6.696533	0.063486	3.002224
26	6.692464	0.063487	2.740977
27	6.691147	0.063700	3.006612
28	6.694683	0.064119	2.761064
29	6.693710	0.063577	2.559536
30	6.696846	0.063378	2.582775
30
6.698645
0.063624
2.814868	2.260308	3.319220