case	gen_time	proj_time	dist_time	distortion
1	1.461647	7.414465	0.062759	2.844473
2	1.450668	7.361884	0.062415	2.525184
3	1.448962	7.448924	0.062463	2.686435
4	1.449362	7.366224	0.062434	3.070804
5	1.448855	7.367090	0.062396	2.830756
6	1.453588	7.353210	0.062796	2.421665
7	1.453070	7.363885	0.062580	3.106022
8	1.448507	7.359903	0.062469	2.590970
9	1.451538	7.359140	0.062595	2.630349
10	1.449123	7.363912	0.062297	2.649143
11	1.450584	7.367267	0.062542	2.685554
12	1.449678	7.374897	0.063080	2.540251
13	1.451651	7.319595	0.062346	3.096440
14	1.451405	7.344687	0.062395	2.764822
15	1.449140	7.673386	0.063591	2.856860
16	1.479833	7.573329	0.064328	2.953935
17	1.449888	7.376641	0.062547	2.633061
18	1.451017	7.376932	0.062672	2.684813
19	1.449306	7.376250	0.062768	2.609778
20	1.456345	7.378537	0.063166	2.414549
21	1.450692	7.394332	0.062647	2.883490
22	1.449530	7.385040	0.062845	2.624660
23	1.454309	7.378557	0.063118	2.763546
24	1.456694	7.385654	0.062916	2.844408
25	1.448823	7.386286	0.063045	3.014875
26	1.451685	7.363521	0.062740	2.322784
27	1.450634	7.360671	0.062521	2.541422
28	1.451133	7.368711	0.063670	2.701040
29	1.445615	7.368904	0.062744	2.844696
30	1.452034	7.366193	0.062983	2.785829
30
1.452177
7.389268
0.062796
2.730754	2.322784	3.106022