case	gen_time	proj_time	dist_time	distortion
1	0.724945	6.908367	0.063577	2.859468
2	0.712418	6.819975	0.063537	3.092679
3	0.710769	6.817461	0.063353	2.717409
4	0.711703	6.818970	0.063263	2.665558
5	0.712047	6.816742	0.064716	2.452052
6	0.710698	6.817415	0.063419	2.625031
7	0.710465	6.827557	0.063214	2.653955
8	0.711939	6.820847	0.063383	2.665062
9	0.711027	6.820014	0.063268	2.749282
10	0.710980	6.814167	0.064301	2.890392
11	0.711321	6.817998	0.063342	2.700226
12	0.712144	6.825515	0.063164	2.427453
13	0.710513	6.819304	0.063349	2.479559
14	0.709955	6.818143	0.063158	2.939488
15	0.712553	6.816559	0.063735	2.758594
16	0.709759	6.821347	0.063338	2.905609
17	0.710621	6.823599	0.063159	2.810477
18	0.710344	6.818036	0.063402	2.568586
19	0.712400	6.836977	0.063551	2.828393
20	0.711163	6.817314	0.063703	2.907831
21	0.711559	6.860240	0.063253	2.827768
22	0.712295	6.856670	0.063434	2.521389
23	0.710672	6.859773	0.063481	2.329127
24	0.715074	6.928323	0.066737	2.498454
25	0.711371	6.837209	0.063419	2.578041
26	0.711771	6.819630	0.063125	3.027381
27	0.710822	6.830773	0.062985	2.898109
28	0.712592	6.821659	0.063315	2.586750
29	0.712005	6.959185	0.063469	2.854571
30	0.710973	6.816366	0.063170	2.721924
30
0.711897
6.836204
0.063544
2.718021	2.329127	3.092679