case	gen_proj_time	dist_time	distortion
1	7.930073	0.062731	3.000829
2	7.881882	0.062791	2.874338
3	7.885351	0.062758	2.615725
4	7.879883	0.062734	2.670644
5	7.878636	0.063041	2.918654
6	7.878693	0.062890	2.974315
7	7.875722	0.063303	2.819642
8	7.884348	0.062746	3.135763
9	7.877425	0.062866	2.830240
10	7.879485	0.062664	2.515645
11	7.883967	0.062625	2.733164
12	7.880780	0.062524	2.767322
13	7.885338	0.062506	3.237224
14	7.880858	0.062535	2.829887
15	7.964822	0.062610	2.653813
16	7.917991	0.062712	2.644045
17	7.887365	0.062963	2.675369
18	7.881539	0.062858	2.518260
19	7.880280	0.062778	2.418530
20	7.875287	0.062690	2.712511
21	7.878567	0.062715	2.677163
22	7.881485	0.062567	2.545527
23	7.882917	0.062657	3.126962
24	7.879797	0.062570	3.183776
25	7.883223	0.063531	3.002646
26	7.882985	0.062563	3.072603
27	7.876092	0.062864	2.841886
28	7.877521	0.062784	2.743259
29	7.876666	0.062951	2.542848
30	7.877687	0.062946	2.563069
30
7.886222
0.062782
2.794855	2.418530	3.237224