case	gen_proj_time	dist_time	distortion
1	107.222847	1.006345	0.491285
2	107.089406	1.005304	0.474209
3	107.102717	1.007563	0.490532
4	107.059168	1.003382	0.503188
5	107.099259	1.004946	0.523396
6	107.061871	1.003687	0.473706
7	107.093177	1.005910	0.554413
8	107.147496	1.005975	0.480821
9	107.262691	1.003261	0.465791
10	107.077090	1.003724	0.485821
11	108.672628	1.014946	0.512481
12	107.242651	1.019386	0.592005
13	107.558659	1.006353	0.543569
14	107.576842	1.009288	0.501325
15	107.085824	1.005942	0.509384
16	107.071962	1.006952	0.502534
17	107.211697	1.006450	0.507325
18	107.084380	1.005035	0.539222
19	107.086895	1.004303	0.475324
20	107.137666	1.007398	0.494210
21	107.108756	1.004782	0.511257
22	107.067333	1.005664	0.517763
23	107.119957	1.007182	0.498682
24	107.104008	1.007687	0.493069
25	107.202664	1.005883	0.520967
26	107.065270	1.004838	0.495743
27	107.656640	1.007814	0.533316
28	107.391074	1.004683	0.477850
29	107.111318	1.007674	0.512094
30	107.599714	1.007517	0.459690
30
107.245722
1.006662
0.504699	0.459690	0.592005