case	gen_proj_time	dist_time	distortion
1	126.114271	1.005921	0.505769
2	126.176846	1.007689	0.488835
3	126.016495	1.008033	0.465009
4	126.074208	1.006969	0.477550
5	126.048124	1.009017	0.544830
6	126.062772	1.003652	0.524056
7	126.046477	1.006840	0.504432
8	126.058769	1.016567	0.512152
9	126.186974	1.009005	0.481694
10	126.005400	1.007453	0.476191
11	126.100445	1.006204	0.509333
12	126.030354	1.006943	0.507137
13	126.015684	1.007692	0.537436
14	126.085602	1.005839	0.475229
15	126.019923	1.007247	0.483949
16	126.167263	1.006326	0.506336
17	126.055427	1.006149	0.529404
18	126.030385	1.006066	0.515038
19	126.041005	1.005480	0.516177
20	126.089295	1.007758	0.479196
21	126.046052	1.005583	0.452205
22	126.053038	1.005659	0.514336
23	126.214523	1.004749	0.491945
24	126.001698	1.007943	0.500890
25	126.001989	1.005626	0.574292
26	126.049085	1.006522	0.473386
27	126.030392	1.004724	0.525558
28	126.064349	1.006328	0.578108
29	126.053748	1.007168	0.475848
30	126.066600	1.005963	0.493862
30
126.066906
1.006904
0.504006	0.452205	0.578108