case	gen_time	proj_time	dist_time	distortion
1	23.292995	119.071964	1.007932	0.508237
2	23.215478	119.089186	1.007349	0.512449
3	23.179691	119.191525	1.005561	0.522580
4	23.213234	119.247498	1.006768	0.465238
5	23.188349	119.121175	1.008086	0.511617
6	23.237665	119.171447	1.006021	0.502439
7	23.198964	119.069604	1.005905	0.527076
8	23.201531	119.205631	1.007165	0.536431
9	23.188195	119.144303	1.005549	0.546995
10	23.197349	119.127436	1.007743	0.437633
11	23.203774	119.099233	1.013362	0.516343
12	23.236219	119.225248	1.008788	0.577653
13	23.197545	119.167758	1.012536	0.438653
14	23.246694	119.172339	1.008008	0.497374
15	23.301312	119.110083	1.006823	0.501891
16	23.214588	119.162272	1.007439	0.479846
17	23.188595	119.119535	1.006585	0.484475
18	23.203828	119.406847	1.010076	0.525433
19	23.178855	119.108345	1.007719	0.496270
20	23.181499	119.121989	1.006771	0.478497
21	23.219966	119.081929	1.005003	0.485016
22	23.207827	119.123098	1.006221	0.506813
23	23.184665	119.137704	1.006088	0.466301
24	23.195448	119.209539	1.008388	0.475298
25	23.203972	119.131709	1.007000	0.549295
26	23.191366	119.100970	1.006935	0.526826
27	23.206907	119.124986	1.007360	0.494291
28	23.206295	119.171561	1.006493	0.577962
29	23.178013	119.146567	1.005577	0.466583
30	23.193195	119.112723	1.005569	0.574039
30
23.208467
119.149140
1.007361
0.506318	0.437633	0.577962