case	gen_time	proj_time	dist_time	distortion
1	11.471926	110.675890	1.022730	0.493277
2	11.366506	110.546959	1.011346	0.594892
3	11.366591	110.492940	1.008613	0.508544
4	11.394147	110.400595	1.006866	0.561960
5	11.365765	110.361468	1.007881	0.518185
6	11.366761	110.507784	1.007365	0.495734
7	11.387711	110.509881	1.009380	0.513684
8	11.392364	110.597954	1.008059	0.481633
9	11.380849	110.529039	1.006565	0.518240
10	11.366981	110.722554	1.005800	0.504865
11	11.407396	112.151235	1.004363	0.510461
12	11.370315	110.508014	1.006256	0.443609
13	11.367986	110.534304	1.003135	0.500629
14	11.389161	110.620714	1.003103	0.498029
15	11.454488	110.605478	1.004122	0.536596
16	11.432696	110.635250	1.005315	0.472685
17	11.367865	111.208239	1.004292	0.468922
18	11.410095	110.580869	1.006984	0.525335
19	11.370400	110.524080	1.008033	0.488704
20	11.372147	110.513040	1.004291	0.582492
21	11.421003	110.502984	1.004320	0.458638
22	11.429004	110.522967	1.006371	0.504758
23	11.364529	110.587635	1.003215	0.533375
24	11.370805	110.499434	1.004220	0.537736
25	11.391135	110.536263	1.004082	0.575775
26	11.367614	110.514425	1.005080	0.516535
27	11.369943	110.543662	1.005532	0.468626
28	11.390530	110.494753	1.004349	0.506859
29	11.390863	110.496167	1.003954	0.493522
30	11.398072	110.766841	1.003850	0.487844
30
11.389855
110.623047
1.006316
0.510071	0.443609	0.594892