case	gen_time	proj_time	dist_time	distortion
1	0.371679	1.993332	0.017666	6.521799
2	0.362330	2.003364	0.018145	9.821370
3	0.362374	1.988399	0.017630	5.949140
4	0.361595	1.995764	0.017694	7.809110
5	0.363717	1.988015	0.017773	6.857017
6	0.362807	1.988345	0.017894	7.605176
7	0.362576	1.987333	0.017990	7.688936
8	0.362344	1.987619	0.017787	7.622529
9	0.362012	1.991658	0.017857	9.036185
10	0.362529	1.995905	0.017715	9.451704
11	0.363277	1.995385	0.017682	7.166019
12	0.362681	1.996893	0.017712	6.605011
13	0.363584	1.995428	0.017944	7.263854
14	0.363330	1.991626	0.017766	8.427303
15	0.363361	1.997952	0.017657	9.495553
16	0.363001	1.996901	0.017847	8.220074
17	0.362342	1.996554	0.017964	7.057431
18	0.362939	1.997984	0.017701	7.041088
19	0.363218	1.999999	0.017827	7.402026
20	0.363149	1.997916	0.017794	10.221719
21	0.362103	1.987067	0.018037	6.542203
22	0.363665	1.988149	0.017647	6.937268
23	0.364900	1.988455	0.018266	7.549172
24	0.362275	1.987963	0.017694	7.886487
25	0.362919	1.986008	0.017686	9.434657
26	0.363172	1.984850	0.017608	8.919812
27	0.363051	1.987594	0.017809	7.537928
28	0.362984	1.991148	0.017762	7.425509
29	0.362844	1.986638	0.017797	6.989213
30	0.362541	1.988213	0.017633	6.864178
30
0.363177
1.992082
0.017800
7.778316	5.949140	10.221719