case	gen_time	proj_time	dist_time	distortion
1	0.189702	1.982952	0.031189	7.081897
2	0.179228	1.858579	0.023308	7.823077
3	0.177894	1.860443	0.020325	7.169753
4	0.178176	1.854663	0.019617	8.038564
5	0.178744	1.856470	0.018553	6.805449
6	0.178690	1.857046	0.017672	7.254194
7	0.178392	1.865382	0.017696	7.584172
8	0.177814	1.854317	0.017672	7.750359
9	0.177435	1.861142	0.017585	6.874641
10	0.177964	1.853402	0.017708	6.968673
11	0.179338	1.855329	0.017960	8.657709
12	0.178049	1.857235	0.019349	6.789870
13	0.177807	1.858908	0.019477	6.998503
14	0.178135	1.854338	0.018950	7.006454
15	0.177602	1.855117	0.017922	7.504195
16	0.177984	1.855090	0.017670	7.793590
17	0.177660	1.854895	0.017976	7.273144
18	0.177989	1.859881	0.017590	6.854921
19	0.177690	1.856132	0.018019	6.893925
20	0.178300	1.856494	0.017743	7.937563
21	0.178464	1.857315	0.017756	7.260974
22	0.178450	1.852799	0.017666	7.847193
23	0.178938	1.857972	0.017844	8.069138
24	0.177870	1.857399	0.017724	8.173272
25	0.178113	1.856616	0.017602	8.556268
26	0.177857	1.858605	0.017700	7.832883
27	0.178054	1.855619	0.017678	7.624103
28	0.177993	1.856692	0.017756	6.187856
29	0.178906	1.863953	0.017844	6.823110
30	0.178252	1.853754	0.017969	8.861305
30
0.178583
1.861285
0.018717
7.476559	6.187856	8.861305