case	gen_proj_time	dist_time	distortion
1	1.984522	0.017911	7.808318
2	1.974932	0.017708	7.986779
3	1.972781	0.017729	6.446564
4	1.969967	0.017688	6.659569
5	1.971524	0.017986	8.652643
6	1.972100	0.017738	7.373336
7	1.969850	0.017803	8.843573
8	1.970891	0.017715	6.176392
9	1.969324	0.017748	8.250007
10	1.970775	0.017755	7.855988
11	1.968519	0.017719	7.442717
12	1.970808	0.017797	8.394068
13	1.969042	0.017989	6.517557
14	1.972850	0.017744	6.767305
15	1.970010	0.017833	6.866580
16	1.970176	0.017708	6.404674
17	1.972940	0.017737	6.869165
18	1.988660	0.017938	7.323394
19	1.971113	0.017706	8.002868
20	1.970879	0.017790	6.705475
21	1.973718	0.017848	7.773724
22	1.969587	0.017690	7.614966
23	1.972888	0.017831	8.391076
24	1.968944	0.017734	6.940211
25	1.972925	0.017813	7.539671
26	1.971478	0.017813	6.312301
27	1.970277	0.017721	7.397133
28	1.970937	0.017671	6.470879
29	1.972500	0.017953	8.280809
30	1.969840	0.017908	7.580813
30
1.972159
0.017791
7.388285	6.176392	8.843573