case	gen_proj_time	dist_time	distortion
1	1.687182	0.017970	6.747297
2	1.699603	0.017902	10.156527
3	1.683521	0.018025	9.265294
4	1.675944	0.017721	6.517183
5	1.672966	0.017788	7.793591
6	1.673767	0.017678	7.880062
7	1.676406	0.018077	6.877788
8	1.673535	0.017972	7.062856
9	1.674535	0.017867	6.655560
10	1.673681	0.017720	6.943155
11	1.675445	0.017878	7.950287
12	1.672659	0.017721	8.457209
13	1.672848	0.017989	7.199859
14	1.673951	0.017809	6.600721
15	1.672969	0.017738	6.742172
16	1.676108	0.018075	8.807589
17	1.673506	0.017866	7.209752
18	1.672528	0.017675	6.696221
19	1.675736	0.017652	7.966946
20	1.673681	0.017915	7.956514
21	1.675260	0.017784	8.225592
22	1.672946	0.017688	6.966675
23	1.673820	0.017765	6.520548
24	1.674330	0.017675	8.312293
25	1.672711	0.017748	7.085174
26	1.671899	0.018023	7.144195
27	1.675362	0.017653	7.363608
28	1.675156	0.017803	9.200000
29	1.673644	0.017708	7.071996
30	1.673481	0.017785	6.651879
30
1.675639
0.017822
7.534285	6.517183	10.156527