case	gen_time	proj_time	dist_time	distortion
1	5.821137	29.377917	0.210839	1.197007
2	5.794670	29.326281	0.211120	1.014984
3	5.801783	29.311790	0.211360	1.201837
4	5.801069	29.340759	0.211948	1.016859
5	5.796343	29.320273	0.211527	1.226726
6	5.800713	29.324190	0.211344	1.161526
7	5.802443	29.326715	0.211563	1.160204
8	5.802285	29.325224	0.211708	1.366125
9	5.798630	29.369080	0.211235	1.247039
10	5.797171	29.366989	0.210993	1.160681
11	5.797102	29.315075	0.211450	1.238732
12	5.798912	29.336329	0.211612	1.127078
13	5.800329	29.327391	0.210964	1.080289
14	5.814891	29.326034	0.211412	1.401796
15	5.828670	29.351641	0.220062	1.025902
16	5.798089	29.330099	0.212274	1.249324
17	5.798995	29.321561	0.211322	0.996388
18	5.799326	29.325710	0.211526	1.106757
19	5.799803	29.317394	0.211523	1.059030
20	5.797513	29.312512	0.211248	1.036067
21	5.796259	29.319363	0.211187	1.220591
22	5.800559	29.345666	0.211706	1.088595
23	5.793448	29.324300	0.211578	1.042123
24	5.791218	29.375581	0.211275	1.081705
25	5.792642	29.324115	0.212772	1.099539
26	5.800096	29.316903	0.211565	1.141572
27	5.808049	29.328561	0.211175	1.229599
28	5.796889	29.358963	0.211933	1.210339
29	5.803024	29.324401	0.211499	1.138666
30	5.806279	29.321037	0.211581	1.167714
30
5.801278
29.333062
0.211777
1.149826	0.996388	1.401796