case	gen_time	proj_time	dist_time	distortion
1	2.874670	27.392338	0.212916	1.111912
2	2.844406	27.365707	0.211250	1.098991
3	2.841999	27.366687	0.211472	1.096828
4	2.850210	27.332886	0.211676	1.150102
5	2.848479	27.403771	0.211539	1.199403
6	2.841640	27.348383	0.211692	0.998702
7	2.843338	27.339667	0.211215	1.122181
8	2.840506	27.335630	0.211065	1.315015
9	2.843484	27.334154	0.211289	1.113564
10	2.842620	27.340924	0.211621	1.162652
11	2.851687	27.343742	0.211241	1.111971
12	2.849298	27.390547	0.211675	1.138370
13	2.840963	27.373481	0.211434	1.189810
14	2.842934	27.378287	0.211810	1.117740
15	2.858108	27.386922	0.211802	1.106552
16	2.842007	27.395901	0.211467	1.083117
17	2.846861	27.367570	0.211547	1.128039
18	2.853005	27.364305	0.211389	1.178650
19	2.849806	27.379263	0.211467	1.214445
20	2.843756	27.360833	0.211426	1.122994
21	2.845972	27.528187	0.212973	1.056539
22	2.844581	27.377402	0.211433	1.138065
23	2.843813	27.423254	0.211753	1.219521
24	2.842444	27.362116	0.211260	1.229383
25	2.851126	27.359135	0.211631	1.128274
26	2.848464	27.361662	0.217710	1.051603
27	2.844663	27.387382	0.210972	1.102010
28	2.846736	27.353182	0.211109	1.093701
29	2.843067	27.360358	0.211583	1.157917
30	2.843088	27.347908	0.211740	1.082998
30
2.846791
27.372053
0.211772
1.134035	0.998702	1.315015