case	gen_proj_time	dist_time	distortion
1	31.600979	0.211323	1.017726
2	31.518153	0.211459	1.088889
3	31.513993	0.211287	1.112063
4	31.519980	0.211362	1.125713
5	31.521873	0.211623	1.119221
6	31.520458	0.211490	1.062836
7	31.517305	0.211057	1.149531
8	31.590931	0.217861	1.019130
9	31.533174	0.211150	1.198835
10	31.516726	0.211029	1.137981
11	31.526301	0.211554	1.042499
12	31.520157	0.211356	1.120250
13	31.512554	0.211541	1.073586
14	31.526995	0.211848	1.084020
15	31.513748	0.211517	1.177742
16	31.521520	0.211846	1.127708
17	31.521860	0.211648	1.262942
18	31.540747	0.211506	1.230984
19	31.520949	0.211148	1.265378
20	31.520729	0.211483	1.099353
21	31.520522	0.211488	1.269183
22	31.521187	0.212445	1.483540
23	31.527113	0.211030	1.132733
24	31.520619	0.212339	1.117424
25	31.509034	0.211055	1.181593
26	31.516393	0.211716	1.232481
27	31.513009	0.211635	1.071059
28	31.512614	0.210856	1.132604
29	31.519735	0.211239	1.040680
30	31.506735	0.211902	1.021825
30
31.524870
0.211693
1.139984	1.017726	1.483540