case	gen_proj_time	dist_time	distortion
1	26.847184	0.211782	1.073132
2	26.784092	0.211549	1.345309
3	26.781310	0.211143	0.958619
4	26.785647	0.210813	1.140761
5	26.780479	0.211470	1.132175
6	26.783639	0.211164	1.111238
7	26.784852	0.211466	1.100371
8	26.847679	0.221467	1.279918
9	26.780820	0.211903	1.121531
10	26.781682	0.211079	0.991817
11	26.799449	0.211283	1.023193
12	26.868304	0.211344	1.211892
13	26.794836	0.212486	1.243811
14	26.783475	0.210858	1.111785
15	26.792311	0.211608	1.201505
16	26.779162	0.210917	1.061689
17	26.794805	0.211469	1.069444
18	26.780701	0.211696	1.085283
19	26.798755	0.211506	1.162855
20	26.782272	0.211854	1.044180
21	26.780651	0.211403	1.133090
22	26.784095	0.211287	1.218728
23	26.785634	0.211051	1.041814
24	26.776653	0.211450	1.099054
25	26.786162	0.212017	1.141009
26	26.779678	0.211848	1.039562
27	26.783533	0.212080	1.196152
28	26.781357	0.211625	1.131585
29	26.790699	0.213115	1.099213
30	26.780599	0.211619	1.138709
30
26.792017
0.211878
1.123647	0.958619	1.345309