case	gen_proj_time	dist_time	distortion
1	266.558486	4.311053	0.228972
2	268.756202	4.305469	0.233741
3	267.219132	4.309771	0.227236
4	267.715807	4.306905	0.232207
5	267.078797	4.406896	0.227008
6	266.476439	4.307170	0.227824
7	266.718505	4.308481	0.236646
8	266.576591	4.306677	0.233094
9	267.200729	4.305654	0.257199
10	268.957467	4.304669	0.224937
11	267.400545	4.342189	0.223008
12	267.149010	4.306629	0.243180
13	266.385420	4.310548	0.249950
14	266.916379	4.307093	0.220754
15	267.492421	4.305975	0.243808
16	267.611692	4.300807	0.234899
17	266.919541	4.310126	0.215566
18	266.620034	4.302389	0.245257
19	267.472638	4.310347	0.218456
20	266.179379	4.305529	0.261463
21	267.734769	4.309413	0.220738
22	267.624860	4.357981	0.220292
23	266.529371	4.305985	0.213395
24	265.349471	4.304879	0.237342
25	267.035179	4.303571	0.226916
26	264.893826	4.306833	0.223723
27	266.816061	4.309365	0.228362
28	266.153484	4.303760	0.221071
29	267.098748	4.306402	0.235020
30	266.360466	4.307012	0.238451
30
266.966715
4.312986
0.231684	0.213395	0.261463