case	gen_time	proj_time	dist_time	distortion
1	94.224046	5.845785	4.475585	0.246644
2	94.159069	5.392389	4.345130	0.234517
3	94.183413	5.347374	4.325053	0.259479
4	94.089818	5.328430	4.313922	0.228989
5	94.137053	5.395593	4.324927	0.238456
6	94.264849	5.386937	4.318905	0.235537
7	94.213979	5.397466	4.314755	0.228347
8	94.157008	5.410171	4.318744	0.247361
9	94.410158	5.272732	4.324315	0.240484
10	94.192132	5.366055	4.312657	0.232601
11	94.332209	5.329991	4.327554	0.231965
12	94.196734	5.354652	4.316403	0.207804
13	94.396570	6.058503	4.314133	0.259909
14	94.542275	5.361057	4.308473	0.227314
15	94.235664	5.430657	4.344996	0.230025
16	94.172134	5.363067	4.314990	0.230344
17	94.104757	5.380686	4.335857	0.228977
18	94.195810	5.992246	4.308387	0.239065
19	94.060205	5.381030	4.324653	0.216891
20	94.037034	5.325432	4.314149	0.226612
21	94.072478	5.363153	4.332226	0.227772
22	93.989364	5.414541	4.321456	0.223110
23	94.005299	6.027103	4.313288	0.237165
24	94.308416	5.405832	4.313534	0.286167
25	94.067921	5.417945	4.328649	0.218381
26	93.987915	5.357950	4.312378	0.224060
27	94.042577	5.952193	4.331361	0.218013
28	94.016698	5.429102	4.316445	0.243306
29	93.988893	6.078828	4.359504	0.228333
30	93.976912	5.376715	4.317536	0.251569
30
94.158713
5.498120
4.327665
0.234973	0.207804	0.286167