case	gen_proj_time	dist_time	distortion
1	313.726975	4.307019	0.214334
2	313.736688	4.310349	0.247020
3	313.518914	4.344843	0.262500
4	314.505079	4.309864	0.229976
5	316.726956	4.331745	0.238402
6	313.114657	4.309101	0.235079
7	315.205725	4.308349	0.238242
8	313.413230	4.315165	0.230657
9	314.144353	4.313732	0.231691
10	314.380321	4.311446	0.220306
11	314.070927	4.312593	0.228005
12	314.783750	4.314509	0.246992
13	314.577714	4.312726	0.218523
14	313.190638	4.310943	0.243832
15	314.548990	4.312837	0.246320
16	313.950583	4.333568	0.232564
17	313.684694	4.316403	0.231938
18	314.900686	4.443346	0.260052
19	313.902287	4.312635	0.237831
20	312.583159	4.317903	0.239246
21	314.796024	4.316051	0.246357
22	313.630431	4.314131	0.234773
23	313.411533	4.317758	0.228137
24	314.131953	4.315074	0.230943
25	314.184730	4.315760	0.221415
26	313.578334	4.314018	0.239903
27	314.918302	4.321198	0.235068
28	315.204979	4.326922	0.260408
29	314.580231	4.347729	0.232765
30	314.070041	4.304759	0.224187
30
314.172430
4.321416
0.236249	0.214334	0.262500