case	gen_time	proj_time	dist_time	distortion
1	46.695320	6.174186	4.335460	0.229522
2	46.022737	5.387443	4.382769	0.245459
3	45.931394	5.364235	4.311879	0.235740
4	45.909072	5.350075	4.309548	0.236700
5	45.945451	5.353940	4.453749	0.238953
6	46.310191	5.539181	4.332505	0.224921
7	45.967102	5.323643	4.325617	0.229830
8	45.923010	5.359792	4.313387	0.247995
9	45.927026	5.323117	4.309340	0.245237
10	45.916974	5.353180	4.313198	0.210824
11	45.922225	5.359290	4.314729	0.248838
12	45.919568	5.309696	4.349491	0.231821
13	45.937656	5.373424	4.310322	0.211329
14	46.220180	5.302208	4.316179	0.221361
15	46.171807	5.392571	4.326422	0.228047
16	46.041122	5.261128	4.332445	0.250986
17	46.200877	5.543555	4.333981	0.254311
18	46.024379	5.298127	4.314104	0.243981
19	46.082943	5.339358	4.319059	0.253738
20	46.093383	5.419302	4.328622	0.233283
21	46.082948	5.287590	4.313948	0.236124
22	46.073435	5.395061	4.315219	0.222553
23	46.107734	6.035321	4.340717	0.222034
24	46.080370	5.348516	4.318086	0.229641
25	46.076276	5.381594	4.316681	0.248953
26	46.019449	5.260717	4.347974	0.215449
27	46.017294	5.375262	4.317178	0.248918
28	46.021294	5.392924	4.312996	0.227567
29	46.060434	5.364895	4.312689	0.224684
30	46.072394	5.326535	4.313273	0.259356
30
46.059135
5.409862
4.328052
0.235272	0.210824	0.259356