case	gen_time	proj_time	dist_time	distortion
1	377.271008	19.353363	17.443904	0.106731
2	377.187331	19.563179	17.456200	0.112310
3	377.128105	19.427099	17.446897	0.138231
4	376.945435	19.541437	17.457690	0.109498
5	377.273412	19.580742	17.448740	0.128305
6	376.697787	19.746873	17.434806	0.105062
7	377.062794	19.474831	17.538605	0.107827
8	377.082435	19.499811	17.444953	0.118514
9	377.002271	19.342892	17.442056	0.116282
10	376.956983	19.256056	17.443338	0.116934
11	377.178337	19.604619	17.451576	0.108017
12	377.032323	19.178944	17.484139	0.122097
13	377.845848	19.449606	17.435334	0.109439
14	379.083527	19.612432	17.520930	0.110132
15	377.130496	19.354507	17.437703	0.112785
16	377.003989	19.264121	17.438360	0.108205
17	376.763688	19.244009	17.450846	0.117560
18	376.653472	19.618852	17.467452	0.115085
19	376.196650	19.310121	17.451084	0.113701
20	376.752042	19.443455	17.441105	0.111249
21	376.569862	19.473782	17.453262	0.112513
22	376.519598	19.234671	17.454178	0.110162
23	376.884974	19.342617	17.446214	0.106019
24	376.499556	19.627965	17.444879	0.114001
25	376.619756	19.306506	17.436960	0.112576
26	376.874023	19.609205	17.606233	0.124316
27	376.921065	19.641525	17.457471	0.116590
28	376.255949	19.440275	17.480272	0.116208
29	376.895275	19.519215	17.441623	0.113539
30	376.240645	19.386916	17.537264	0.117680
30
376.950954
19.448321
17.463136
0.114386	0.105062	0.138231