case	gen_time	proj_time	dist_time	distortion
1	185.008912	20.246000	17.802843	0.107027
2	184.124284	19.742224	17.435306	0.114731
3	184.158220	19.646410	17.607019	0.113737
4	184.231369	19.249300	17.438298	0.111950
5	184.113728	19.238617	17.431109	0.117285
6	184.159440	19.655650	17.440344	0.115127
7	184.079456	19.283095	17.714099	0.112718
8	184.252779	19.692524	17.526852	0.139481
9	184.140912	19.424628	17.445355	0.119273
10	184.179376	19.509635	17.449372	0.108897
11	184.086751	19.603793	17.720114	0.111607
12	184.178383	19.299498	17.432039	0.107236
13	185.298262	19.242218	17.581877	0.132546
14	186.334547	19.868785	17.562903	0.117944
15	185.945106	18.843231	17.650255	0.116166
16	186.904058	20.168029	17.691052	0.108508
17	186.711141	19.308454	17.604828	0.106735
18	186.158615	20.657699	17.544288	0.121129
19	185.271962	19.996365	17.559142	0.116511
20	184.851510	18.841403	17.435287	0.109376
21	184.588359	19.520889	17.440678	0.140495
22	184.571880	19.213652	17.442087	0.119756
23	184.550263	19.443865	17.446356	0.116575
24	184.685967	18.881361	17.440045	0.116460
25	184.598853	19.563882	17.448899	0.117305
26	184.626129	19.144114	17.443115	0.112360
27	184.546088	19.535912	17.472454	0.107087
28	184.881017	19.230091	17.733707	0.115734
29	184.760079	18.846734	17.469978	0.112735
30	184.599779	19.475646	17.459200	0.108967
30
184.819907
19.479123
17.528963
0.115849	0.106735	0.140495